6.5024751300e+03 1.5966386555e+01 1.5966386555e+01 0.0000000000e+00 0.0000000000e+00 0.0000000000e+00 0.0000000000e+00 0.0000000000e+00
6.5124758616e+03 8.6757990868e+00 1.2321092821e+01 0.0000000000e+00 0.0000000000e+00 0.0000000000e+00 0.0000000000e+00 0.0000000000e+00
6.5224865606e+03 5.9561128527e+00 1.0199432831e+01 3.9556245302e+00 2.2837808873e+00 4.4762105392e+00 5.7232222922e+00 1.4675643371e+01
6.5324884363e+03 4.5346062053e+00 8.7832261748e+00 4.0556422629e+00 2.0278211315e+00 3.9745294176e+00 4.8086967572e+00 1.2757755592e+01
6.5424950127e+03 3.6608863198e+00 7.7587582038e+00 4.0662407845e+00 1.8184781614e+00 3.5642171964e+00 4.1945410074e+00 1.1322975400e+01
6.5524994344e+03 3.0694668821e+00 6.9772096502e+00 4.0350392814e+00 1.6472978886e+00 3.2287038617e+00 3.7485057885e+00 1.0205913512e+01
6.5625011599e+03 2.6425591099e+00 6.3579738587e+00 3.9835498568e+00 1.5056403223e+00 2.9510550318e+00 3.4069188270e+00 9.3090288905e+00
6.5725075304e+03 2.4390243902e+00 5.8681051752e+00 3.9091579619e+00 1.3820960518e+00 2.7089082615e+00 3.1591969136e+00 8.5770134367e+00
6.5825135289e+03 2.1739130435e+00 5.4576393828e+00 3.8365588499e+00 1.2788529500e+00 2.5065517819e+00 2.9510876008e+00 7.9641911647e+00
6.5925184591e+03 1.9607843137e+00 5.1079538759e+00 3.7661968250e+00 1.1909760084e+00 2.3343129764e+00 2.7736408995e+00 7.4422668522e+00
6.6025227519e+03 1.7857142857e+00 4.8059320949e+00 3.6983761618e+00 1.1151023693e+00 2.1856006438e+00 2.6203314511e+00 6.9915327387e+00
6.6125293014e+03 1.6393442623e+00 4.5420497755e+00 3.6332500056e+00 1.0488289344e+00 2.0557047114e+00 2.4863450642e+00 6.5977544869e+00
6.6225320859e+03 1.5151515152e+00 4.3092114478e+00 3.5708581198e+00 9.9037784988e-01 1.9411405858e+00 2.3680708621e+00 6.2503520336e+00
6.6325357563e+03 1.4084507042e+00 4.1020142519e+00 3.5111647983e+00 9.3839826454e-01 1.8392605985e+00 2.2627536533e+00 5.9412748504e+00
6.6425436062e+03 1.3157894737e+00 3.9162659333e+00 3.4540875883e+00 8.9184158038e-01 1.7480094975e+00 2.1682564358e+00 5.6642754309e+00
6.6525568803e+03 1.2345679012e+00 3.7486598063e+00 3.3995171525e+00 8.4987928812e-01 1.6657634047e+00 2.0828964016e+00 5.4144232110e+00
6.6625503429e+03 1.1627906977e+00 3.5965498587e+00 3.3473304354e+00 8.1184687936e-01 1.5912198836e+00 2.0053299752e+00 5.1877697423e+00
6.6725538437e+03 1.0989010989e+00 3.4577915943e+00 3.2973991629e+00 7.7720443613e-01 1.5233206948e+00 1.9344708995e+00 4.9811122891e+00
6.6825611739e+03 1.0416666667e+00 3.3306271244e+00 3.2495951975e+00 7.4550826701e-01 1.4611962033e+00 1.8694309211e+00 4.7918233278e+00
6.6925640432e+03 9.9009900990e-01 3.2136007187e+00 3.2037938111e+00 7.1639007476e-01 1.4041245465e+00 1.8094761722e+00 4.6177252652e+00
6.7025731880e+03 9.4339622642e-01 3.1054957429e+00 3.1598755926e+00 6.8954138524e-01 1.3515011151e+00 1.7539946278e+00 4.4569968579e+00
6.7125752175e+03 9.0090090090e-01 3.0052868864e+00 3.1177274660e+00 6.6470172915e-01 1.3028153891e+00 1.7024714973e+00 4.3081022756e+00
6.7225795613e+03 8.6206896552e-01 2.9121034986e+00 3.0772431374e+00 6.4164954970e-01 1.2576331174e+00 1.6544703811e+00 4.1697366160e+00
6.7325817718e+03 8.2644628099e-01 2.8252011145e+00 3.0383231793e+00 6.2019512192e-01 1.2155824390e+00 1.6096186755e+00 4.0407835535e+00
6.7425856656e+03 7.9365079365e-01 2.7439391017e+00 3.0008748901e+00 6.0017497803e-01 1.1763429569e+00 1.5675961447e+00 3.9202820586e+00
6.7525910408e+03 7.6335877863e-01 2.6677629354e+00 2.9648120193e+00 5.8144747464e-01 1.1396370503e+00 1.5281258851e+00 3.8073999857e+00
6.7625965063e+03 7.3529411765e-01 2.5961900162e+00 2.9300544186e+00 5.6388923577e-01 1.1052229021e+00 1.4909671141e+00 3.7014129183e+00
6.7726019940e+03 7.0921985816e-01 2.5287982249e+00 2.8965276576e+00 5.4739227483e-01 1.0728888587e+00 1.4559093662e+00 3.6016870835e+00
6.7826069566e+03 7.1893187265e-01 2.4663890403e+00 2.8634405085e+00 5.3172755357e-01 1.0421860050e+00 1.4242030353e+00 3.5085750453e+00
6.7926091742e+03 6.9513406157e-01 2.4073472077e+00 2.8315454360e+00 5.1696710264e-01 1.0132555212e+00 1.3940916865e+00 3.4206027288e+00
6.8026134551e+03 6.7286126242e-01 2.3513960481e+00 2.8007696333e+00 5.0303307589e-01 9.8594482875e-01 1.3654512194e+00 3.3373408769e+00
6.8126209179e+03 6.5197143744e-01 2.2982890291e+00 2.7710466043e+00 4.8985646121e-01 9.6011866398e-01 1.3381703651e+00 3.2584076930e+00
