6.5075087841e+03 1.0208623510e+00 7.9421924712e-01 3.8477217834e-01 3.8477217834e-02 7.5415346954e-02 7.1880390017e-01 8.6963459407e-01
6.5175186795e+03 1.0246319470e+00 7.9404060750e-01 3.8681162089e-01 2.7351712018e-02 5.3609355554e-02 7.4043125195e-01 8.4764996305e-01
6.5275165461e+03 1.0207116570e+00 7.9408685812e-01 3.8769875505e-01 2.2383798059e-02 4.3872244196e-02 7.5021461392e-01 8.3795910232e-01
6.5375295191e+03 1.0233904480e+00 7.9437274960e-01 3.8774504649e-01 1.9387252324e-02 3.7999014556e-02 7.5637373504e-01 8.3237176415e-01
6.5475286228e+03 1.0202499610e+00 7.9432473936e-01 3.8780901680e-01 1.7343346477e-02 3.3992959095e-02 7.6033178027e-01 8.2831769846e-01
6.5575328592e+03 1.0194891300e+00 7.9421135625e-01 3.8762454020e-01 1.5824705588e-02 3.1016422952e-02 7.6319493330e-01 8.2522777920e-01
6.5675387959e+03 1.0183520210e+00 7.9413835013e-01 3.8735562053e-01 1.4640666298e-02 2.8695705945e-02 7.6544264419e-01 8.2283405608e-01
6.5775410786e+03 1.0146598420e+00 7.9392782799e-01 3.8714246580e-01 1.3687553143e-02 2.6827604159e-02 7.6710022383e-01 8.2075543215e-01
6.5875488788e+03 1.0165532870e+00 7.9389846385e-01 3.8703836299e-01 1.2901278766e-02 2.5286506382e-02 7.6861195747e-01 8.1918497024e-01
6.5975512134e+03 1.0154067430e+00 7.9368304393e-01 3.8694363671e-01 1.2236232181e-02 2.3983015075e-02 7.6970002886e-01 8.1766605901e-01
6.6075553938e+03 1.0173463860e+00 7.9347364569e-01 3.8702606234e-01 1.1669274844e-02 2.2871778695e-02 7.7060186700e-01 8.1634542439e-01
6.6175614972e+03 1.0160526740e+00 7.9326286493e-01 3.8705581874e-01 1.1173339057e-02 2.1899744552e-02 7.7136312038e-01 8.1516260948e-01
6.6275634214e+03 1.0148021110e+00 7.9306888487e-01 3.8694019872e-01 1.0731790208e-02 2.1034308807e-02 7.7203457607e-01 8.1410319368e-01
6.6375727522e+03 1.0124934880e+00 7.9304408187e-01 3.8661848846e-01 1.0332813737e-02 2.0252314925e-02 7.7279176695e-01 8.1329639680e-01
6.6475735538e+03 1.0115069900e+00 7.9309949653e-01 3.8647682967e-01 9.9787888334e-03 1.9558426113e-02 7.7354107041e-01 8.1265792264e-01
6.6575867443e+03 1.0199644750e+00 7.9329037305e-01 3.8650978058e-01 9.6627445144e-03 1.8938979248e-02 7.7435139380e-01 8.1222935230e-01
6.6675852463e+03 1.0097061660e+00 7.9332065454e-01 3.8613028794e-01 9.3650350731e-03 1.8355468743e-02 7.7496518579e-01 8.1167612328e-01
6.6775972579e+03 1.0123705270e+00 7.9336269963e-01 3.8582054598e-01 9.0938774793e-03 1.7823999859e-02 7.7553869977e-01 8.1118669949e-01
6.6875906683e+03 1.0059756340e+00 7.9345007342e-01 3.8544381924e-01 8.8426876656e-03 1.7331667825e-02 7.7611840560e-01 8.1078174125e-01
6.6976047056e+03 1.0119854440e+00 7.9349961510e-01 3.8519426996e-01 8.6132057216e-03 1.6881883214e-02 7.7661773189e-01 8.1038149831e-01
6.7076063738e+03 1.0148997520e+00 7.9359932224e-01 3.8506811850e-01 8.4028752417e-03 1.6469635474e-02 7.7712968676e-01 8.1006895771e-01
6.7176073628e+03 1.0090563150e+00 7.9360582699e-01 3.8481423848e-01 8.2042671308e-03 1.6080363576e-02 7.7752546342e-01 8.0968619057e-01
6.7276113704e+03 1.0006591990e+00 7.9357614463e-01 3.8454818294e-01 8.0183839042e-03 1.5716032452e-02 7.7786011217e-01 8.0929217708e-01
6.7376162107e+03 1.0075051270e+00 7.9351644869e-01 3.8437046421e-01 7.8459292460e-03 1.5378021322e-02 7.7813842736e-01 8.0889447001e-01
6.7476211832e+03 1.0112389040e+00 7.9346470792e-01 3.8421682013e-01 7.6843364025e-03 1.5061299349e-02 7.7840340857e-01 8.0852600727e-01
6.7576261490e+03 1.0092460690e+00 7.9340892331e-01 3.8413181426e-01 7.5334446797e-03 1.4765551572e-02 7.7864337174e-01 8.0817447489e-01
6.7676435172e+03 1.0201447200e+00 7.9361199467e-01 3.8401925717e-01 7.3904540500e-03 1.4485289938e-02 7.7912670474e-01 8.0809728461e-01
6.7776328578e+03 1.0071116640e+00 7.9355939003e-01 3.8386567794e-01 7.2543794334e-03 1.4218583689e-02 7.7934080634e-01 8.0777797372e-01
6.7876364296e+03 1.0025045370e+00 7.9361194857e-01 3.8361390467e-01 7.1235313756e-03 1.3962121496e-02 7.7964982707e-01 8.0757407007e-01
6.7976419801e+03 1.0027012160e+00 7.9365355957e-01 3.8334603885e-01 6.9989090937e-03 1.3717861824e-02 7.7993569775e-01 8.0737142139e-01
6.8076458246e+03 1.0063649880e+00 7.9360799409e-01 3.8317476273e-01 6.8820218989e-03 1.3488762922e-02 7.8011923117e-01 8.0709675701e-01
