6.5075086576e+03 4.0119760479e+01 4.0119760479e+01 0.0000000000e+00 0.0000000000e+00 0.0000000000e+00 0.0000000000e+00 0.0000000000e+00
6.5175186169e+03 2.5373134328e+01 3.2746447404e+01 0.0000000000e+00 0.0000000000e+00 0.0000000000e+00 0.0000000000e+00 0.0000000000e+00
6.5275164768e+03 1.8478260870e+01 2.7990385226e+01 8.5101778910e+00 4.9133534962e+00 9.6301728526e+00 1.8360212373e+01 3.7620558078e+01
6.5375294374e+03 1.4529914530e+01 2.4625267552e+01 9.0694065978e+00 4.5347032989e+00 8.8880184658e+00 1.5737249086e+01 3.3513286018e+01
6.5475285456e+03 1.1971830986e+01 2.2094580239e+01 9.3438811601e+00 4.1787106896e+00 8.1902729515e+00 1.3904307287e+01 3.0284853190e+01
6.5575327952e+03 1.0179640719e+01 2.0108756985e+01 9.4638238612e+00 3.8635899126e+00 7.5726362286e+00 1.2536120757e+01 2.7681393214e+01
6.5675387289e+03 8.8541666667e+00 1.8500958368e+01 9.4945633611e+00 3.5886076372e+00 7.0336709690e+00 1.1467287399e+01 2.5534629337e+01
6.5775410129e+03 7.8341013825e+00 1.7167601245e+01 9.4717219750e+00 3.3487594190e+00 6.5635684612e+00 1.0604032784e+01 2.3731169706e+01
6.5875487819e+03 7.0247933884e+00 1.6040622594e+01 9.4159425741e+00 3.1386475247e+00 6.1517491484e+00 9.8888734459e+00 2.2192371743e+01
6.5975511508e+03 6.3670411985e+00 1.5073264455e+01 9.3397485087e+00 2.9534878061e+00 5.7888360999e+00 9.2844283549e+00 2.0862100555e+01
6.6075553326e+03 5.8219178082e+00 1.4232232941e+01 9.2510081639e+00 2.7892839102e+00 5.4669964640e+00 8.7652364774e+00 1.9699229405e+01
6.6175614379e+03 5.3627760252e+00 1.3493111532e+01 9.1547994166e+00 2.6427629538e+00 5.1798153894e+00 8.3132961423e+00 1.8672926921e+01
6.6275633534e+03 4.9707602339e+00 1.2837546047e+01 9.0544657259e+00 2.5112569574e+00 4.9220636366e+00 7.9154824107e+00 1.7759609684e+01
6.6375726857e+03 4.6321525886e+00 1.2251446515e+01 8.9522400931e+00 2.3925868052e+00 4.6894701382e+00 7.5619763764e+00 1.6940916653e+01
6.6475734950e+03 4.3367346939e+00 1.1723799060e+01 8.8496269286e+00 2.2849638476e+00 4.4785291414e+00 7.2452699184e+00 1.6202328201e+01
6.6575866480e+03 4.0767386091e+00 1.1245857782e+01 8.7476428237e+00 2.1869107059e+00 4.2863449836e+00 6.9595127980e+00 1.5532202765e+01
6.6675851772e+03 3.8461538462e+00 1.0810581080e+01 8.6469722709e+00 2.0971988244e+00 4.1105096958e+00 6.7000713838e+00 1.4921090775e+01
6.6775971780e+03 3.6402569593e+00 1.0412229740e+01 8.5480705996e+00 2.0147995623e+00 3.9490071422e+00 6.4632225973e+00 1.4361236882e+01
6.6875906137e+03 3.4552845528e+00 1.0046074730e+01 8.4512333148e+00 1.9388458930e+00 3.8001379503e+00 6.2459367794e+00 1.3846212680e+01
6.6976046442e+03 3.2882011605e+00 9.7081810513e+00 8.3566435706e+00 1.8686023087e+00 3.6624605251e+00 6.0457205261e+00 1.3370641576e+01
6.7076063221e+03 3.1365313653e+00 9.3952453519e+00 8.2644051338e+00 1.8034410523e+00 3.5347444626e+00 5.8605008893e+00 1.2929989815e+01
6.7176073019e+03 2.9982363316e+00 9.1044722146e+00 8.1745655512e+00 1.7428232314e+00 3.4159335336e+00 5.6885386811e+00 1.2520405748e+01
6.7276113225e+03 2.8716216216e+00 8.8334787106e+00 8.0871325993e+00 1.6862837153e+00 3.3051160821e+00 5.5283626285e+00 1.2138594793e+01
6.7376161664e+03 2.7946537060e+00 8.5818610021e+00 8.0008952467e+00 1.6331759033e+00 3.2010247705e+00 5.3808362316e+00 1.1782885773e+01
6.7476211351e+03 2.6858699883e+00 8.3460213615e+00 7.9171932705e+00 1.5834386541e+00 3.1035397620e+00 5.2424815995e+00 1.1449561124e+01
6.7576261013e+03 2.5852379168e+00 8.1244527675e+00 7.8359420211e+00 1.5367546643e+00 3.0120391421e+00 5.1124136254e+00 1.1136491910e+01
6.7676434610e+03 2.4918743229e+00 7.9158387510e+00 7.7570540454e+00 1.4928457471e+00 2.9259776643e+00 4.9898610867e+00 1.0841816415e+01
6.7776328010e+03 2.4050191704e+00 7.7190237660e+00 7.6804410533e+00 1.4514669276e+00 2.8448751781e+00 4.8741485879e+00 1.0563898944e+01
6.7876363601e+03 2.3240148198e+00 7.5329889748e+00 7.6060153136e+00 1.4124015858e+00 2.7683071083e+00 4.7646818665e+00 1.0301296083e+01
6.7976419303e+03 2.2482893451e+00 7.3568323204e+00 7.5336906328e+00 1.3754574336e+00 2.6958965699e+00 4.6609357505e+00 1.0052728890e+01
6.8076457544e+03 2.1773430104e+00 7.1897520201e+00 7.4633830266e+00 1.3404631626e+00 2.6273077988e+00 4.5624442213e+00 9.8170598189e+00
