6.5024752589e+03 7.8409940000e-01 5.1927861178e-01 1.9765242518e-01 1.9765242518e-02 3.8739875335e-02 4.8053873644e-01 5.5801848712e-01
6.5124759399e+03 7.8289465800e-01 5.7717509972e-01 1.5409286373e-01 1.0896010888e-02 2.1356181340e-02 5.5581891838e-01 5.9853128106e-01
6.5224866400e+03 7.8720927300e-01 5.9732771091e-01 1.3140664331e-01 7.5867660891e-03 1.4870061535e-02 5.8245764938e-01 6.1219777245e-01
6.5324885112e+03 7.8246958700e-01 6.0694106611e-01 1.1699260834e-01 5.8496304171e-03 1.1465275618e-02 5.9547579049e-01 6.1840634173e-01
6.5424950771e+03 7.8247313900e-01 6.1306260830e-01 1.0710114857e-01 4.7897089732e-03 9.3878295875e-03 6.0367477871e-01 6.2245043789e-01
6.5524995022e+03 7.8244310000e-01 6.1704264688e-01 9.9717592775e-02 4.0709536780e-03 7.9790692088e-03 6.0906357767e-01 6.2502171609e-01
6.5625012283e+03 7.8180322400e-01 6.1984477894e-01 9.3977116339e-02 3.5520011252e-03 6.9619222054e-03 6.1288285674e-01 6.2680670115e-01
6.5725075993e+03 7.8386505700e-01 6.2216295771e-01 8.9426787632e-02 3.1617143977e-03 6.1969602195e-03 6.1596599749e-01 6.2835991793e-01
6.5825136054e+03 7.8259792600e-01 6.2387443537e-01 8.5644454253e-02 2.8548151418e-03 5.5954376779e-03 6.1827899769e-01 6.2946987305e-01
6.5925185333e+03 7.8240549000e-01 6.2529090458e-01 8.2488532039e-02 2.6085164209e-03 5.1126921849e-03 6.2017821240e-01 6.3040359677e-01
6.6025228257e+03 7.8158496600e-01 6.2618553821e-01 7.9778489100e-02 2.4054119517e-03 4.7146074253e-03 6.2147093078e-01 6.3090014563e-01
6.6125293669e+03 7.8261328000e-01 6.2703429983e-01 7.7441067339e-02 2.2355310537e-03 4.3816408653e-03 6.2265265896e-01 6.3141594069e-01
6.6225321444e+03 7.8296726100e-01 6.2784098781e-01 7.5389208939e-02 2.0909204496e-03 4.0982040812e-03 6.2374278373e-01 6.3193919189e-01
6.6325358183e+03 7.8212991900e-01 6.2851085835e-01 7.3568315963e-02 1.9661959490e-03 3.8537440600e-03 6.2465711429e-01 6.3236460241e-01
6.6425436834e+03 7.8351824500e-01 6.2923759966e-01 7.1957763345e-02 1.8579414604e-03 3.6415652625e-03 6.2559603440e-01 6.3287916492e-01
6.6525569416e+03 7.9032685300e-01 6.3002993290e-01 7.0544100534e-02 1.7636025133e-03 3.4566609262e-03 6.2657327198e-01 6.3348659383e-01
6.6625504052e+03 7.8101968100e-01 6.3058549195e-01 6.9208949459e-02 1.6785635815e-03 3.2899846198e-03 6.2729550733e-01 6.3387547657e-01
6.6725539126e+03 7.8101371900e-01 6.3107676363e-01 6.7992127109e-02 1.6025898049e-03 3.1410760175e-03 6.2793568762e-01 6.3421783965e-01
6.6825612425e+03 7.8371377800e-01 6.3171181366e-01 6.6876791352e-02 1.5342588167e-03 3.0071472807e-03 6.2870466638e-01 6.3471896094e-01
6.6925641238e+03 7.8215358100e-01 6.3215022717e-01 6.5847846705e-02 1.4724026140e-03 2.8859091235e-03 6.2926431804e-01 6.3503613629e-01
6.7025732500e+03 7.8474667300e-01 6.3266715411e-01 6.4927565103e-02 1.4168356275e-03 2.7769978299e-03 6.2989015628e-01 6.3544415194e-01
6.7125752839e+03 7.8222290200e-01 6.3316516788e-01 6.4061943592e-02 1.3658052265e-03 2.6769782439e-03 6.3048818964e-01 6.3584214613e-01
6.7225796138e+03 7.8259600800e-01 6.3342262837e-01 6.3274654218e-02 1.3193677449e-03 2.5859607800e-03 6.3083666759e-01 6.3600858915e-01
6.7325818340e+03 7.8118592600e-01 6.3387661696e-01 6.2502829511e-02 1.2758336648e-03 2.5006339831e-03 6.3137598297e-01 6.3637725094e-01
6.7425857145e+03 7.8142982000e-01 6.3424954763e-01 6.1782872136e-02 1.2356574427e-03 2.4218885877e-03 6.3182765905e-01 6.3667143622e-01
6.7525911007e+03 7.8096618800e-01 6.3464018378e-01 6.1112097098e-02 1.1985068293e-03 2.3490733855e-03 6.3229111039e-01 6.3698925716e-01
6.7625965619e+03 7.8413479700e-01 6.3495336504e-01 6.0496714961e-02 1.1642598223e-03 2.2819492516e-03 6.3267141579e-01 6.3723531430e-01
6.7726020568e+03 7.8161644700e-01 6.3523539414e-01 5.9913102109e-02 1.1322512032e-03 2.2192123583e-03 6.3301618178e-01 6.3745460650e-01
6.7826070159e+03 7.8268194600e-01 6.3546076065e-01 5.9359571547e-02 1.1022795712e-03 2.1604679596e-03 6.3330029269e-01 6.3762122861e-01
6.7926092291e+03 7.8126758900e-01 6.3573475590e-01 5.8822583239e-02 1.0739485244e-03 2.1049391077e-03 6.3362981679e-01 6.3783969501e-01
6.8026135158e+03 7.8132795100e-01 6.3596126053e-01 5.8318837060e-02 1.0474372344e-03 2.0529769794e-03 6.3390828356e-01 6.3801423751e-01
6.8126209709e+03 7.8454690500e-01 6.3619226059e-01 5.7851981926e-02 1.0226882181e-03 2.0044689075e-03 6.3418779169e-01 6.3819672950e-01
